0
1
1
2
3
4
5
6
7
8
9
10
11
11
12
13
14
15
16
17
18
19
100
101
101
102
103
104
105
106
107
108
109
1000
1001
1001
1002
1003
1004
1005
1006
1007
1008
1009
10000
10001
10001
10002
10003
10004
10005
10006
10007
10008
10009
100000
100001
100001
100002
100003
100004
100005
100006
100007
100008
100009
1000000
1000001
1000001
1000002
1000003
1000004
1000005
1000006
1000007
1000008
1000009
10000000
10000001
10000001
10000002
10000003
10000004
10000005
10000006
10000007
10000008
10000009
100000000
100000001
100000001
100000002
100000003
100000004
100000005
100000006
100000007
100000008
100000009
